+19315485602
+16207976025
+12241647014
+17208206527
+12397914834
+16671926054
+13473177183
+17254335943
+18156246157
+17326358163
+14786487173
+16316339956
+15039090675
+17279033588
+14424928790
+13153187154
+18593800863
+16286793913
+18028795655
+18178123356
+15048774760
+12076277166
+15089870282
+17321936781
+19080136633
+14046024208
+17243152527
+19137841756
+12157769206
+19120589279
+14586904656
+12245072646
+18148109174
+13218094477
+14128506683
+18565172844
+14010621580
+13089003998
+17799336096
+17196920227
+14152451843
+16092701020
+12122594889
+13239929083
+17866532728
+19702540610
+16366979407
+12524420128
+19206025318
+13603493033
+19129927844
+17182477138
+13211042735
+14254177787
+15168139780
+19030758077
+18620329175
+12402761755
+12543073416
+13606473112
+19404176381
+18159297489
+18484940984
+17850866270
+19296994584
+15858799675
+12399722736
+19066606516
+19808310297
+16511642128
+14344213231
+18047026376
+13302308858
+12076266034
+18107897588
+14803219742
+16077399110
+19473882773
+18184261120
+17254079192
+17607203317
+15049412296
+15073842216
+16080439421
+12392839236
+13470750884
+18187132548
+16616968759
+16802834303
+12723098834
+17865564910
+16078073572
+15165167846
+15186057112
+18722555989
+14062919977
+16600636602
+19301973090
+16084709581
+17431884126
+16301800206
+13179973034
+17403272982
+19090037889
+16063916706
+19734208781
+13402668762
+16202964838
+12728662463
+12052796602
+19382651641
+16696665967
+19304976505
+16515409394
+17751848365
+16303299038
+16055671132
+18473885650
+17796006571
+16506036432
+16821330645
+12392802709
+13516285591
+15346970219
+17015774391
+13346400964
+19419246523
+18434827125
+18709677226
+18040013550
+17657647531
+15636259006
+19569453252
+14022456328
+18384300744
+14421862971
+13520065134
+16595033849
+13209616444
+19087383992
+18658979031
+15188544456
+16297011067
+13166182268
+17409591369
+17571528700
+13219731371
+18786684841
+15205256802
+12694449687
+19140513035
+17272583810
+12245302140
+16514394218
+18306977674
+12726434114
+17749986162
+15035658001
+19034251803
+19083563852
+17851256058
+16594945594
+17376285273
+12291356009
+16827706366
+15104842490
+12629381652
+19015040315
+19313475329
+16508348346
+12097087845
+17083103566
+19801251916
+19795682014
+14134914360
+17722676534
+18504354822
+16787299520
+18161354700
+15737785380
+13363510488
+16084994579
+13643971119
+14329019022
+13170181825
+12037771846
+12540024510
+15759775923
+19590696636
+15071707016
+19089813652
+13367043885
+12530820834
+13024714188
+19302541844
+18452211354
+19514081017
+19405586415
+13177610078
+19549371396
+19842180679
+19345423842
+17255498475
+13259670800
+15080893400
+14085488011
+17720179142
+14756107101
+18651329497
+13021884487
+16504482188
+18438498204
+19387331131
+19381087525
+15645055100
+16626479874
+12248263619
+14134279629
+17200960868
+19523440340
+12690373210
+19540513007
+16153722443
+14134507043
+16033144229
+17409080343
+17204474000
+19894430083
+15041066526
+13601811901
+14064264448
+19310857417
+18107625172
+14751862010
+17691548608
+12298851359
+13307862705
+15045926879
+15091543455
+13188168774
+18181618080
+18452472453
+18387513907
+12172902892
+17147893205
+17543512472
+16505008597
+19729531717
+12123135772
+17857871526
+13013579405
+12629505472
+16191987611
+16264629691
+18122964935
+17265139436
+13171415207
+16301676713
+12673470090
+15854120059
+18382344524
+14231555667
+19852412712
+15624012958
+19127216489
+19281311070
+13026148065
+16108883847
+13136978345
+12539354358
+15108836969
+12068830645
+14583128659
+14842083531
+18086998839
+18704183727
+18563311395
+14586189202
+12760990143
+16037989602
+13137848713
+18650625902
+12703808927
+12517760451
+18012057032
+17193242367
+16056643724
+16266710163
+18478578933
+16017903253
+18507578424
+19137399354
+17818792889
+12162035533
+18782915989
+16072265316
+15186914026
+12256843746
+19858011397
+17792557459
+15677695603
+19253969220
+12121771741
+18149522163
+17254461192
+16679067151
+18584217451
+15744817214
+19710599533
+15109210558
+17045869916
+14692684552
+16511206325
+14147565027
+19569254104
+17404820275
+18433519733
+16156342323
+15303886201
+16285709333
+19722051219
+16065927215
+15134365869
+13236268482
+16052251924
+13202435345
+19096347299
+14431225692
+12708155509
+14102967667
+15070539198
+18123650076
+16506714264
+13108768472
+17248504087
+16039566581
+18452358976
+18784308983
+16011802615
+18021227191
+18304522465
+12151554522
+18634934931
+18385356672
+16107660576
+17577620704
+13047542616
+17045490555
+18569991145
+15741963174
+16085890687
+18724557332
+15710905391
+17265364171
+16815171437
+14422518329
+12080493253
+19803241855
+12768410631
+18084542715
+15013765702
+16511257708
+15395970313
+16120797599
+15611343469
+14068036493
+19136024136
+13217659398
+16010656032
+14129509023
+12405757214
+12198486175
+18646349886
+17130497098
+15649413090
+14194465358
+18143460728
+15312718127
+16291588143
+15510304256
+17547921168
+18655145752
+15082128089
+13125024137
+18584381112
+18604858959
+13375783509
+15670536178
+12123586262
+19591865214
+15394832240
+13102544573
+12284228370
+14425967653
+14248927441
+15610359370
+13144867753
+19544872162
+19703953811
+16696884843
+16817467315
+14148645290
+18607975378
+13250464539
+12400807775
+16307835767
+13160599773
+17182958173
+13406601647
+19286680694
+12188887084
+17324221973
+16140526477
+14243630770
+17246363347
+15120008037
+18381108642
+15738858018
+16812155272
+17638665329
+15402690797
+18140271572
+14129706334
+14325701803
+13518945668
+17626556873
+14756419702
+15026981197
+15711996695
+17274105697
+14028521449
+17156711476
+14130937089
+17085369399
+19410075787
+19181828900
+18726251770
+17373779413
+18282075973
+19086500100
+13407258393
+12679966812
+16086312564
+14132982631
+15803100050
+17343365679
+16306143388
+12101466274
+19015540611
+19289616471
+13390319088
+19105175176
+16285628633
+15185561621
+17137963613
+16469806076
+16183713400
+19416689795
+17854278836
+15805046013
+17437060736
+12311034972
+16693011603
+16070481764
+14434653408
+14588798046
+14431023880
+13527377294
+13475583104
+15024294998
+14807497069
+17600038787
+12402178468
+18066044436
+14108636149
+17698339016
+16101160583
+15209044742
+15748560583
+12018394313
+19414576553
+17543969156
+15029460904
+16315686831
+19125520048
+16411882259
+17622574897
+18654648508
+17601887184
+16200864071
+13467564818
+19543944825
+18035464533
+19780533869
+17541948031
+17319114064
+12347866856
+18593071966
+15623963932
+15029079985
+15403308771
+12073428276
+14756885660
+17029862007
+19138068347
+15080655676
+13133247398
+17174019964
+16891645711
+14150916542
+16235618035
+15396318109
+16670794760
+17377983978
+15010770973
+19085740472
+19141774947
+14157889960
+17244620860
+14082053934
+19107391897
+16194553511
+12299075636
+15591280294
+12402207323
+12036245639
+13615657946
+14359487973
+15025755448
+16086916624
+17757731301
+17121705232
+17472514754
+18567981200
+17240667813
+17812130510
+16514649158
+15027636448
+14072304103
+12064650528
+14302967808
+12705956622
+16820242857
+19567043832
+12287010765
+19175659179
+16514719085
+16158263055
+18027942852
+17858470708
+12763532328
+12760987610
+16297202466
+12548535304
+19011982193
+16575493741
+13612903120
+13108385288
+13857505749
+18174443151
+17021771024
+12092364557
+16575181049
+13146771288
+17195406906
+15612064071
+17177752308
+13364906094
+15402035702
+17658830191
+17859272384
+14758752010
+14046776980
+13199811520
+19513063803
+12390473671
+16027674907
+18708595194
+15854476762
+14584594405
+12315499782
+16020479347
+18783915173
+12158197425
+19414766559
+19316194480
+17185867151
+19407507664
+12190276338
+17265388891
+16697639941
+15755576030
+17730049469
+18504713725
+17405571149
+18137397491
+13394755664
+12144643705
+17325162288
+17653604306
+16677094444
+18140589591
+14326807392
+13047057446
+18600980776
+19149781592
+18100972907
+18786572581
+15806420276
+13157954234
+16303113192
+19150763205
+18123875213
+15391380009
+18150962329
+16622854109
+17474610831
+17860907453
+17199042200
+12147544004
+14078013748
+17650844080
+15740834625
+19799819266
+14236504025
+13209241557
+12605635580
+18022001738
+19847424178
+19591877787
+12037718711
+19084395405
+19798546002
+18549644563
+16103718757
+19719706869
+12722888687
+15342232593
+12256577122
+13174686238
+12541830844
+15719584852
+13033692672
+13216578796
+18700865659
+18477490845
+15408921188
+17034602705
+16411686026
+19499792879
+17475302522
+12700750009
+17173270682
+17371996931
+14142089142
+17377806728
+15855985614
+16157831662
+15013330943
+15623360564
+18328249346
+16233785051
+19791257268
+19847124163
+19349348242
+17863501216
+16364881961
+12257256089
+17137416809
+14140318481
+15013004961
+18010370441
+14010797808
+15028547646
+15097410785
+19369815834
+17633573765
+18102952414
+16803886719
+13134199295
+12606396696
+17177164398
+14349125178
+12624587007
+17867417647
+12604826046
+15408949246
+18384834512
+15349185872
+19304705187
+12728903834
+17158810376
+15092226639
+18153989869
+14704209527
+16077734257
+19893363160
+16206272339
+19101174732
+13255952507
+19084541542
+16363006861
+19159392066
+13142715633
+19736797507
+14144869444
+18124664331
+12139961213
+19090656344
+12319720398
+17314061401
+16824201712
+18631880186
+19181758419
+15303002588
+14584707090
+17208668763
+15401117760
+16091365387
+19084826023
+17120099793
+18322639815
+15167233759
+18289552170
+13460470384
+14015713161
+14144634104
+16309257541
+18055654981
+13307049518
+14809110939
+15408592077
+12702013319
+16198703048
+17314869402
+13217411522
+13018110573
+15809435013
+16179888642
+13105195353
+15641286689
+17861852996
+12181614439
+12182785556
+13198929961
+17638369462
+17069788240
+14247293896
+15611941397
+12011835670
+16232339126
+14404686299
+18620369021
+18457275864
+17736289995
+12129568590
+19292803197
+17323821110
+12525479248
+19715208439
+18161596469
+18703692334
+17699681921
+15168141121
+15671886871
+14303706315
+12154572760
+17245776976
+19077062821
+19132163775
+16368548681
+17577198219
+19158066961
+12765136607
+19565041750
+18571736034
+17755583028
+15313475607
+12252031037
+12139197196
+18457073060
+15647198640
+19081633525
+16179317020
+12567248052
+19541961427
+18131361592
+16144905685
+18586959707
+12090835644
+15019126381
+14799337416
+13517858702
+13858150590
+15054668632
+15089877569
+14198065367
+14146543541
+12317983694
+17733886166
+17434987717
+15677966303
+19730972442
+19383136722
+14026402686
+13866903754
+13168969018
+12536691197
+19790801918
+17638766824
+18500033715
+12812579838
+18631451514
+12540096321
+15749846649
+17269423367
+18061101901
+19031636119
+17605881666
+15183631799
+19543096154
+19852217653
+13157342872
+12293040537
+15098858750
+14147706811
+14058650002
+18320502280
+12695574532
+19892312861
+18282591657
+13059466916
+19803075429
+13259350472
+17401017023
+15866694398
+19520421013
+18042160831
+18152431648
+16617093855
+15511692813
+19258245250
+15054690816
+17348886647
+17812131626
+16037183531
+13516832259
+13649653770
+15619067250
+16198109518
+18141777945
+14245843857
+16053858190
+16576714498
+13378740925
+19543425591
+18780614987
+18175593318
+16294707587
+18315016812
+15088488117
+18657054626
+13398476452
+12483297819
+13858455526
+15713440821
+17375655369
+18632595681
+15084349259
+14153798115
+19283152223
+12396816378
+13028842850
+13160900572
+16590602869
+17089989864
+15151186378
+16185902653
+14234764199
+13198102201
+17813525890
+12398341882
+19563479128
+12163449678
+18703840100
+14328821812
+18470109799
+15672818978
+12010578241
+15051647273
+13013931964
+13308113256
+17147678353
+14400558787
+18502507971
+19012400573
+18729523228
+12077472177
+12489317919
+14756045155
+16022178987
+17724205056
+14326317427
+19899361504
+13861490315
+15407025769
+16361615263
+13517177143
+16076599986
+19897812596
+18583471501
+12698847935
+14808614121
+12314453847
+15303947747
+19727747723
+12054329962
+17317186810
+12529299621
+15126507862
+19894560477
+13154707206
+18028985928
+15626556577
+14304146420
+16066244961
+16124634677
+13516714027
+14121323913
+17125454914
+15750859096
+15743527083
+16025893245
+16896451002
+15345801802
+16361120693
+13070970141
+18783359685
+17125278813
+19737870393
+14122755092
+12092006537
+13376349702
+16515215776
+15187269906
+15078263561
+13127029654
+19416037115
+18054445940
+14844534415
+17743439319
+17038463032
+19340300485
+15738749159
+16693791468
+13032848271
+16266875141
+12517575131
+18632564335
+15715167617
+14241499164
+16155434836
+18626328430
+13394458849
+13607624942
+12191697142
+14707799044
+16305716423
+13187561789
+13165274264
+14585484311
+16618418395
+14070426617
+17273962184
+13347874766
+17074596943
+14197196043
+12677707211
+18388659574
+12548009086
+15865936764
+17085023852
+18629937873
+19299434088
+17742243687
+17313920640
+12296375722
+19413997073
+17700774395
+13511388201
+13251704336
+12522028187
+15674739954
+17793549562
+15072617876
+18455377989
+18059469360
+19520142269
+12196945684
+15640459377
+17087026700
+14759069417
+14195216552
+17156821485
+12728795466
+14701665727
+13235080537
+12315559908
+15070341461
+16821736222
